[acq_params]
adc_offset = 40
amplitude = 1.0
p90_us = 6.0
deadtime_us = 250.0
tau_us = 5245.180281365794
deblank_us = 1.0
sw_khz = 3.9
acq_time_ms = 10.0
nscans = 1
thermal_nscans = 2
carrierfreq_mhz = 14.887609668
anechoes = 64
nechoes = 1
startconstant = 0.15
stopconstant = 2.0
gamma_eff_mhz_g = 0.004254713698662983
field_width = 10.0

[sample_params]
concentration = 0.0094
pr_krho_cold = 1823.0
pr_krho_hot = 1335.8
krho_hot = 380.0
krho_cold = 260.0
t1water_hot = 2.98
t1water_cold = 2.17
repetition_us = 1340000.0
guessed_mhz_to_ghz = 1.5168

[odnp_params]
max_power = 2.51
power_steps = 12
num_t1s = 5
uw_dip_center_ghz = 9.819024924963925
uw_dip_width_ghz = 0.008
fir_rep = 5701734.245610813

[file_names]
date = 240201
chemical = CPMG_repeat
type = CPMG
cpmg_counter = 2

