[acq_params]
adc_offset = 48
amplitude = 1.0
p90_us = 6.0
deadtime_us = 250.0
tau_us = 2911.846948032461
deblank_us = 1.0
sw_khz = 1.5
acq_time_ms = 1024.0
echo_acq_ms = 5.333333333333333
nscans = 1
thermal_nscans = 2
carrierfreq_mhz = 14.8947272448
nechoes = 256
startconstant = 0.15
stopconstant = 2.0
gamma_eff_mhz_g = 0.004255231156461547
field_width = 10.0

[sample_params]
concentration = 0.0094
pr_krho_cold = 1823.0
pr_krho_hot = 1335.8
krho_hot = 380.0
krho_cold = 260.0
t1water_hot = 2.98
t1water_cold = 2.17
repetition_us = 1340000.0
guessed_mhz_to_ghz = 1.5168

[odnp_params]
max_power = 2.51
power_steps = 7
num_t1s = 5
uw_dip_center_ghz = 9.819836
uw_dip_width_ghz = 0.008
fir_rep = 511826.9818696455

[file_names]
date = 240207
chemical = CPMG_repeat
type = ODNP
cpmg_counter = 1
odnp_counter = 8

