[acq_params]
adc_offset = 56
amplitude = 1.0
p90_us = 3.9
deadtime_us = 7850.0
tau_us = 8359.33769570828
deblank_us = 1.0
sw_khz = 3.9
acq_time_ms = 1024.0
echo_acq_ms = 1.0256410256410258
nscans = 1
thermal_nscans = 2
carrierfreq_mhz = 14.8942427388
nechoes = 256
startconstant = 0.15
stopconstant = 2.0
gamma_eff_mhz_g = 0.0042812747997961285
field_width = 10.0

[sample_params]
concentration = 0.0002
krho_cold = 260.0
krho_hot = 380.0
t1water_hot = 2.98
t1water_cold = 2.17
repetition_us = 10000000.0
guessed_mhz_to_ghz = 1.5167
guessed_phalf = 0.5

[odnp_params]
max_power = 2.51
num_t1s = 4
uw_dip_center_ghz = 9.820164
uw_dip_width_ghz = 0.008
fir_rep = 4859435.131433044
min_dbm_step = 1.0
power_steps = 10

[file_names]
chemical = 200uM_TEMPOL_chokes_256echo
type = ODNP
date = 240509
odnp_counter = 1

