[acq_params]
adc_offset = 49
amplitude = 1.0
p90_us = 4.8
deadtime_us = 10.0
tau_us = 16031.58525073366
deblank_us = 1.0
sw_khz = 3.9
acq_time_ms = 32.05128205128205
nscans = 1
thermal_nscans = 2
carrierfreq_mhz = 14.894383
nechoes = 2
startconstant = 0.15
stopconstant = 2.0
gamma_eff_mhz_g = 0.004269889392222464
field_width = 10.0

[sample_params]
concentration = 0.0094
pr_krho_cold = 1823.0
pr_krho_hot = 1335.8
krho_hot = 380.0
krho_cold = 260.0
t1water_hot = 2.98
t1water_cold = 2.17
repetition_us = 1340000.0
guessed_mhz_to_ghz = 1.5168

[odnp_params]
max_power = 2.51
power_steps = 12
num_t1s = 5
uw_dip_center_ghz = 9.819024924963925
uw_dip_width_ghz = 0.008
fir_rep = 5701734.245610813

[file_names]
date = 231026
chemical = CPMG_prep
type = CPMG
echo_counter = 8
generic_echo_counter = 9
cpmg_counter = 18

