[acq_params]
adc_offset = 59
amplitude = 0.575
p90_us = 1.9
deadtime_us = 1000.0
tau_us = 3500.0
deblank_us = 1.0
sw_khz = 3.8999532005615936
acq_time_ms = 1024.1148533333333
echo_acq_ms = 5.384615384615385
nscans = 2
thermal_nscans = 2
carrierfreq_mhz = 14.89888
nechoes = 1
startconstant = 0.15
stopconstant = 2.0
gamma_eff_mhz_g = 0.004279242553183792
field_width = 10.0

[sample_params]
concentration = 0.027
pr_krho_cold = 1823.0
pr_krho_hot = 1335.8
krho_hot = 380.0
krho_cold = 260.0
t1water_hot = 2.98
t1water_cold = 2.17
repetition_us = 12000000.0
guessed_mhz_to_ghz = 1.5168
guessed_phalf = 0.5

[odnp_params]
max_power = 2.51
power_steps = 14
num_t1s = 8
uw_dip_center_ghz = 9.818877
uw_dip_width_ghz = 0.008
fir_rep = 4859435.131433044
min_dbm_step = 0.5

[file_names]
date = 240627
chemical = 200uM_TEMPOL_newprobe
type = nutation
echo_counter = 19

