[acq_params]
adc_offset = 64
amplitude = 1.0
p90_us = 3.5
deadtime_us = 1000.0
tau_us = 3500.2666666666664
deblank_us = 1.0
sw_khz = 15.998293515358363
acq_time_ms = 125.88842666666666
echo_acq_ms = 5.000533333333333
nscans = 4
thermal_nscans = 1
carrierfreq_mhz = 14.8934273472
nechoes = 25
startconstant = 0.15
stopconstant = 2.0
gamma_eff_mhz_g = 0.004280505141789488
field_width = 10.0

[sample_params]
concentration = 0.0002
pr_krho_cold = 1823.0
pr_krho_hot = 1335.8
krho_hot = 380.0
krho_cold = 260.0
t1water_hot = 2.98
t1water_cold = 2.17
repetition_us = 20000000.0
guessed_mhz_to_ghz = 1.5168
guessed_phalf = 0.3

[odnp_params]
max_power = 2.51
power_steps = 5
num_t1s = 5
uw_dip_center_ghz = 9.818979
uw_dip_width_ghz = 0.008
fir_rep = 4859435.131433044

[file_names]
date = 240624
chemical = 200uM_TEMPOL_fin
type = CPMG
cpmg_counter = 3
echo_counter = 1

